{
  "KDG": 3513128.7593841553,
  "PIECEWISE": 118095.9894657135,
  "rand20": 276815.8075094223
}