{
  "KDG": 4273660.60757637,
  "PIECEWISE": 146669.67964172363,
  "rand20": 348982.462310791
}