res:2.0 1.0 0.0 
fr:1631.43 1521.78 1360.45760476 1261.07 
conn:0.0 
err:0.0114851226077 
scr:253.222395241 168.814930161 84.4074650805 0.0 
