q:507.05432234 355.89523615 2.0 1.0 0.0 
s:1057.53388745 583.62521752 385.26779364 2.0 1.0 0.0 
comm:1676.65295021 
err:0.0 
