round0:0.389792,7.82357e-05
round1:24.2044,0.00212293
round2:112.851,0.0106125
round3:1.46963,0.000122005
round4:19.8525,0.000968304
round5:0.143947,6.74768e-05
round6:43.8001,0.00328386
round7:48.9339,0.00310785
round8:7.19429,0.000640324
round9:0.218403,9.01935e-05
