round0:0.389712,2.47371e-05
round1:24.2052,0.000672216
round2:112.838,0.00335657
round3:1.46958,3.8644e-05
round4:19.8526,0.000306193
round5:0.14405,2.13797e-05
round6:43.8007,0.0010341
round7:48.9344,0.000982733
round8:7.1952,0.000203165
round9:0.218365,2.85212e-05
round10:282.165,0.00468976
round11:26.4829,0.000603903
round12:7.94949,0.000228789
round13:0.193592,3.23702e-05
round14:1.13879,3.65529e-05
round15:8.68043,0.000173863
round16:21.2131,0.00052402
round17:0.115045,2.3628e-05
round18:73.8377,0.00161157
round19:2.01516,8.27548e-05
round20:13.6624,0.000377369
round21:0.996958,5.1913e-05
round22:7.94071e-05,1.26055e-06
round23:0.329721,3.18938e-05
round24:0.0221947,1.92614e-05
round25:24.358,0.000695181
round26:34.7188,0.000824712
round27:2.35588,8.70872e-05
round28:104.454,0.00279985
round29:20.5175,0.00053283
round30:6.91386,0.000230727
round31:0.317039,3.34414e-05
round32:83.305,0.00149214
round33:35.6285,0.000703698
round34:72.0889,0.00176998
round35:52.4179,0.0013853
round36:26.5887,0.00040173
round37:78.9958,0.00202923
round38:180.796,0.00374828
round39:47.1659,0.00114315
round40:1.73272e-05,4.7946e-07
round41:3.57384,0.000131243
round42:87.3942,0.00224344
round43:64.8674,0.00164809
round44:11.4296,0.000229581
round45:94.8407,0.00265088
round46:4.74711,8.63864e-05
round47:2.11487,5.59392e-05
round48:2.99085,6.83276e-05
round49:27.9719,0.000798669
round50:2.73866,9.14215e-05
round51:0.13838,2.22651e-05
round52:13.2734,0.00029353
round53:99.9765,0.00217268
round54:181.914,0.00383738
round55:30.1074,0.000493133
round56:5.36269,0.000186076
round57:3.925,9.63424e-05
round58:10.7673,0.00025872
round59:17.7498,0.000469344
round60:0.113577,2.62567e-05
round61:2.60751,0.000106872
round62:29.2185,0.000680367
round63:50.9241,0.00152715
round64:0.323317,3.2648e-05
round65:5.26279,0.000103794
round66:2.60073,5.52062e-05
round67:178.36,0.00396612
round68:7.05248,0.000216796
round69:3.705,0.000118121
round70:57.4493,0.00137929
round71:2.7084,9.46408e-05
round72:0.323346,3.26613e-05
round73:21.0431,0.000435268
round74:170.559,0.00292536
round75:2.72979,9.42138e-05
round76:69.0367,0.00205993
round77:39.7216,0.000709298
round78:85.2197,0.0022916
round79:58.301,0.0015054
round80:1.70142,7.96203e-05
round81:1.45964,7.19827e-05
round82:1.88303,5.94045e-05
round83:0.542997,3.65181e-05
round84:26.9259,0.000785027
round85:138.475,0.00246729
round86:2.43322,7.80424e-05
round87:4.91664,0.000166721
round88:31.0589,0.000762465
round89:207.43,0.00368361
round90:37.3915,0.000585703
round91:13.3134,0.000220771
round92:28.2596,0.000728371
round93:17.6832,0.000286081
round94:21.4422,0.000398996
round95:196.4,0.00467749
round96:20.6421,0.000445462
round97:139.318,0.00238876
round98:2.1332,5.9348e-05
round99:44.1132,0.000886602
