round0:0.389848,0.000247129
round1:24.2135,0.0067413
round2:112.828,0.0335434
round3:1.47019,0.000387802
round4:19.8516,0.0030494
round5:0.143981,0.000215345
round6:43.799,0.0103249
round7:48.9241,0.00985029
round8:7.19408,0.00202014
round9:0.218485,0.000287769
round10:282.208,0.046998
round11:26.4839,0.0061059
round12:7.94879,0.00225836
round13:0.194259,0.000320704
round14:1.13871,0.00036978
round15:8.68202,0.00173905
round16:21.2117,0.00526882
round17:0.115119,0.000236891
round18:73.8037,0.0160877
round19:2.01461,0.000832235
round20:13.66,0.00379289
round21:0.99765,0.000517142
round22:9.76992e-05,1.36611e-05
round23:0.329819,0.000319682
round24:0.0219193,0.000191684
round25:24.361,0.00697664
round26:34.7279,0.00818891
round27:2.35531,0.000875965
round28:104.431,0.02841
round29:20.5116,0.00538049
round30:6.91127,0.00228884
round31:0.317389,0.000335906
round32:83.3017,0.0150271
round33:35.6334,0.00703665
round34:72.0766,0.0176538
round35:52.422,0.0138894
round36:26.592,0.00404283
round37:78.9822,0.0205717
round38:180.802,0.0375315
round39:47.1795,0.0114184
round40:1.69984e-05,4.1031e-06
round41:3.57358,0.00131101
round42:87.3838,0.0220819
round43:64.9136,0.0164485
round44:11.4273,0.00229249
round45:94.8681,0.0264735
round46:4.74629,0.000881855
round47:2.11493,0.000559393
round48:2.99141,0.000688728
round49:27.9734,0.00796131
round50:2.73929,0.000925293
round51:0.138466,0.000223134
round52:13.275,0.00291128
round53:99.9726,0.02163
round54:181.921,0.038665
round55:30.1025,0.0049525
round56:5.36209,0.00185142
round57:3.92537,0.000973126
round58:10.7695,0.00258927
round59:17.7534,0.00471574
round60:0.113803,0.000262664
round61:2.60816,0.00107328
round62:29.2122,0.00680752
round63:50.9294,0.0153384
round64:0.323047,0.000327567
round65:5.26396,0.00103562
round66:2.60058,0.000553487
round67:178.41,0.0394434
round68:7.04956,0.00216809
round69:3.7069,0.00117965
round70:57.4637,0.0137127
round71:2.70505,0.000950005
round72:0.323119,0.000325771
round73:21.0465,0.004378
round74:170.55,0.0291599
round75:2.7304,0.000940293
round76:69.0336,0.0205807
round77:39.7177,0.00712437
round78:85.1926,0.023014
round79:58.2953,0.0149557
round80:1.70098,0.000812956
round81:1.4605,0.000721998
round82:1.88312,0.000588322
round83:0.543012,0.000367217
round84:26.9164,0.00785932
round85:138.471,0.0246842
round86:2.43367,0.000787299
round87:4.91794,0.00166176
round88:31.0546,0.00767825
round89:207.479,0.036412
round90:37.3843,0.00592511
round91:13.3133,0.00223207
round92:28.2676,0.00730228
round93:17.6795,0.00284073
round94:21.4443,0.00402782
round95:196.365,0.0461909
round96:20.6415,0.00450309
round97:139.312,0.023802
round98:2.13358,0.000589237
round99:44.0971,0.00886502
