round0:0.389692,2.76546e-05
round1:24.2049,0.000751369
round2:112.836,0.00375388
round3:1.46955,4.31936e-05
round0:0.389692,2.76546e-05
round1:24.2049,0.000751369
round2:112.836,0.00375388
round3:1.46955,4.31936e-05
round4:19.8525,0.000342383
round5:0.144057,2.39028e-05
round6:43.8,0.0011565
round7:48.9347,0.00109884
round8:7.19514,0.000227104
round9:0.218383,3.18634e-05
round10:282.161,0.00524191
round11:26.4833,0.000675577
round12:7.94955,0.000255872
round13:0.193595,3.61782e-05
round14:1.1388,4.08519e-05
round15:8.68052,0.000207716
round16:21.2134,0.000626817
round17:0.115016,2.82377e-05
round18:73.8375,0.00192602
round19:2.01519,9.88548e-05
round20:13.6623,0.000450806
round21:0.99688,6.20132e-05
round22:7.89195e-05,1.49235e-06
round23:0.329723,3.81124e-05
round24:0.0221726,2.30121e-05
round25:24.3578,0.000898087
round26:34.7185,0.00106384
round27:2.35591,0.000112504
round28:104.453,0.00361451
round29:20.5171,0.000687974
round30:6.91412,0.000297933
round31:0.317033,4.31891e-05
round32:83.3045,0.00192533
round33:35.6281,0.000909498
round34:72.0905,0.00228655
round35:52.4175,0.00178706
round36:26.5888,0.000518745
round37:78.9982,0.00261666
round38:180.797,0.00483869
round39:47.1678,0.0014749
round40:1.75352e-05,6.26695e-07
round41:3.57391,0.000169351
round42:87.3904,0.00289458
round43:64.8678,0.00213011
round44:11.4293,0.000296384
round45:94.8397,0.00341954
round46:4.74712,0.000111599
round47:2.11484,7.21494e-05
round48:2.9909,8.8164e-05
round49:27.9728,0.00103166
round50:2.73861,0.00010928
round51:0.138372,2.66278e-05
round52:13.2733,0.000351151
round53:99.974,0.00259596
round54:181.914,0.00458579
round55:30.107,0.000589456
round56:5.36282,0.000222484
round57:3.92496,0.000115142
round58:10.767,0.000309251
round59:17.7499,0.000561477
round60:0.113579,3.13737e-05
round61:2.60751,0.000127735
round62:29.2181,0.000812606
round63:50.9247,0.00182598
round64:0.323316,3.90319e-05
round65:5.26276,0.000123994
round66:2.60072,6.60057e-05
round67:178.362,0.00473883
round68:7.0525,0.000258875
round69:3.7049,0.000141115
round70:57.449,0.00164883
round71:2.70838,0.000113106
round72:0.323355,3.90338e-05
round73:21.0429,0.000520394
round74:170.559,0.00349477
round75:2.72981,0.00011264
round76:69.0377,0.0024617
round77:39.721,0.000848603
round78:85.2202,0.00273836
round79:58.3021,0.00179911
round80:1.70133,9.5196e-05
round81:1.45956,8.5974e-05
round82:1.88309,7.09975e-05
round83:0.542999,4.36575e-05
round84:26.9255,0.000938869
round85:138.476,0.00294846
round86:2.43326,9.33611e-05
round87:4.91676,0.000199292
round88:31.0585,0.000911734
round89:207.432,0.00440235
round90:37.3914,0.000699868
round91:13.3133,0.000263981
round92:28.2598,0.000870576
round93:17.6834,0.000341886
round94:21.4425,0.000476674
round95:196.399,0.00558578
round96:20.6418,0.000532099
round97:139.318,0.00285301
round98:2.13324,7.09371e-05
round99:44.1141,0.00105968
