round0:0.389712,2.47371e-05
round1:24.2052,0.000672216
round2:112.838,0.00335657
round3:1.46958,3.8644e-05
round4:19.8526,0.000306193
round5:0.143947,6.74768e-05
round6:43.8001,0.00328386
round7:48.9339,0.00310785
round8:7.19429,0.000640324
round9:0.218403,9.01935e-05
round10:282.161,0.00524191
round11:26.4833,0.000675577
round12:7.94955,0.000255872
round13:0.193595,3.61782e-05
round14:1.1388,4.08519e-05
round15:8.68046,0.000183302
round16:21.2131,0.000552372
round17:0.11503,2.49067e-05
round18:73.8384,0.00169944
round19:2.01514,8.72284e-05
round20:13.6622,0.00039777
round21:0.996925,5.47068e-05
round22:7.87257e-05,1.31921e-06
round23:0.329736,3.36251e-05
round24:0.0221885,2.02929e-05
round25:24.358,0.000733128
round26:34.7189,0.000869328
round27:2.35586,9.17598e-05
round28:104.453,0.00295237
round29:20.5175,0.000561642
round30:6.91392,0.000257866
round31:0.317009,3.74024e-05
round32:83.3042,0.0016677
round33:35.6285,0.000787333
round34:72.0902,0.00197906
round35:52.4173,0.0015484
round36:26.589,0.000449477
round37:78.9978,0.00226814
round38:180.797,0.00418976
round39:47.1659,0.00127768
round40:1.70779e-05,5.33019e-07
round41:3.57385,0.00014676
round42:87.3927,0.00250797
round43:64.868,0.00184372
round44:11.4295,0.00025672
round45:94.8418,0.00296319
round46:4.74711,9.66332e-05
round47:2.11487,6.2514e-05
round48:2.99083,7.63886e-05
round49:27.9727,0.000893477
round50:2.73858,0.000102239
round51:0.138369,2.4894e-05
round52:13.2733,0.000328347
round53:99.9756,0.00242765
round54:181.914,0.00428967
round55:30.1073,0.000551303
round56:5.36278,0.000208132
round57:3.92495,0.000107745
round58:10.7672,0.000289251
round59:17.75,0.000524937
round60:0.11358,2.93404e-05
round61:2.60753,0.000119469
round62:29.2182,0.000760514
round63:50.9249,0.00170772
round64:0.323315,3.64927e-05
round65:5.26274,0.000115988
round66:2.60074,6.17151e-05
round67:178.362,0.00443293
round68:7.05266,0.000242266
round69:3.70499,0.000131992
round70:57.4493,0.0015423
round71:2.70837,0.000105789
round72:0.323351,3.65194e-05
round73:21.0429,0.000486582
round74:170.559,0.00326983
round75:2.72982,9.93283e-05
round76:69.0367,0.00217163
round77:39.7214,0.000747943
round78:85.2194,0.00241507
round79:58.3015,0.00158647
round80:1.70137,8.39432e-05
round81:1.4596,7.58191e-05
round82:1.88305,6.26179e-05
round83:0.543013,3.85067e-05
round84:26.9258,0.000827824
round85:138.476,0.00260086
round86:2.43324,8.22725e-05
round87:4.91672,0.000175715
round88:31.0586,0.000803652
round89:207.431,0.00388274
round90:37.3916,0.000617215
round91:13.3134,0.000232715
round92:28.2594,0.000767788
round93:17.6833,0.000301539
round94:21.4422,0.000420686
round95:196.4,0.00492997
round96:20.642,0.000469537
round97:139.318,0.00251756
round98:2.13318,6.25749e-05
round99:44.1139,0.000934514
