info:48.6644411368 0.0 0.0 
SYS:0.0 
err:0.0285858691271 
f:44.99647846 0.0 0.0 11.3228180083 0.0 0.0 
q:507.05432234 355.89523615 2.0 1.0 0.0 
s:926.93555163 589.84543293 333.002300185 113.763688832 88.0 0.0 
comm:1493.81625416 
GPS:119.94669344 
