info:87.5959940462 0.0 0.0 
SYS:0.0 
err:0.0571717382543 
f:80.993661228 0.0 0.0 20.381072415 0.0 0.0 
q:232.26992463 163.027423364 0.916154007162 0.458077003581 0.0 
s:1255.70277358 752.751282538 453.884278772 87.8725736597 67.6887887779 0.0 
comm:1548.40400595 
GPS:188.033640564 
