info:97.3288822736 0.0 0.0 
err:0.0571717382543 
f:89.99295692 0.0 0.0 22.6456360167 0.0 0.0 
SYS:0.0 
s:796.33721581 596.06564834 280.73680673 225.527377664 175 0.0 
comm:1310.97955812 
GPS:239.89338688 
