probe0:9.0 8.0 7.0 6.0 5.0 4.0 3.0 2.0 1.0 0.0 
probe:28.3837925894 25.0628809944 21.7419693993 20.7419693993 19.7419693993 18.7419693993 8.572 4.286 0.0 
itr:26.6162074106 24.3081037053 22.0 21.0 20.0 19.0 18.0 17.0 16.0 15.0 14.0 13.0 12.0 11.0 10.0 9.0 8.0 7.0 6.0 5.0 4.0 3.0 2.0 1.0 0.0 
hash:187.857 172.687030601 153.258619006 133.830207411 
err:0.0332643419573 
