round0:0.389692,2.76546e-05
round1:24.2049,0.000751369
round2:112.836,0.00375388
round3:1.46955,4.31936e-05
round4:19.8525,0.000342383
round5:0.144057,2.39028e-05
round6:43.8,0.0011565
round7:48.9347,0.00109884
round8:7.19514,0.000227104
round9:0.218383,3.18634e-05
