round0:0.389718,4.51167e-05
round1:24.2051,0.00122525
round2:112.84,0.00612877
round3:1.46956,7.04971e-05
round4:19.8527,0.000559013
round5:0.144054,3.90038e-05
round6:43.8005,0.00188933
round7:48.9374,0.00179482
round8:7.19486,0.000371002
round9:0.218405,5.2077e-05
