round0:0.389694,3.1915e-05
round1:24.2055,0.000867812
round2:112.839,0.00433222
round3:1.46959,4.98341e-05
round4:19.8528,0.000395156
round5:0.144052,2.76034e-05
round6:43.8005,0.00133548
round7:48.9353,0.00126845
round8:7.19508,0.000262272
round9:0.218398,3.68179e-05
