round0:0.38968,2.95601e-05
round1:24.2052,0.000803738
round2:112.837,0.00401246
round3:1.46957,4.61384e-05
round4:19.8528,0.000365913
round5:0.144051,2.55479e-05
round6:43.8002,0.00123634
round7:48.9345,0.0011744
round8:7.19506,0.000242817
round9:0.218398,3.40788e-05
