round0:0.389685,3.91305e-05
round1:24.2045,0.00106134
round2:112.838,0.0053102
round3:1.46958,6.10424e-05
round4:19.8526,0.000483701
round5:0.144051,3.37842e-05
round6:43.8005,0.00163558
round7:48.9362,0.00155356
round8:7.19485,0.000321324
round9:0.218419,4.51005e-05
