round0:0.3897,5.5315e-05
round1:24.2054,0.0014995
round2:112.846,0.00750725
round3:1.46959,8.63404e-05
round4:19.8526,0.00068382
round5:0.143992,4.78017e-05
round6:43.8005,0.00232019
round7:48.9363,0.00219856
round8:7.19494,0.000454207
round9:0.218462,6.38192e-05
