round0:0.389697,2.60727e-05
round1:24.2052,0.000708436
round2:112.838,0.00353818
round3:1.46957,4.07232e-05
round4:19.8525,0.000322683
round5:0.144059,2.25408e-05
round6:43.8008,0.0010903
round7:48.9347,0.00103563
round8:7.19512,0.000214154
round9:0.21837,3.00583e-05
