round0:0.389712,2.47371e-05
round1:24.2052,0.000672216
round2:112.838,0.00335657
round3:1.46958,3.8644e-05
round4:19.8526,0.000306193
round5:0.14405,2.13797e-05
round6:43.8007,0.0010341
round7:48.9344,0.000982733
round8:7.1952,0.000203165
round9:0.218365,2.85212e-05
