round0:0.389698,3.49813e-05
round1:24.2051,0.000949929
round2:112.837,0.00474652
round3:1.46957,5.45895e-05
round4:19.8526,0.00043267
round5:0.144071,3.02324e-05
round6:43.801,0.00146346
round7:48.9355,0.00138968
round8:7.19504,0.00028742
round9:0.218414,4.03221e-05
