info:200.46168978 0.0 0.0 
err:0.0 
f:0.0 -1 0.0 -1 0.0 0.0 
SYS:0.0 
s:886.33017273 644.88385434 329.55501273 327.14655659 377.47839117 0.0 
comm:1159.02854461 
GPS:288.71159288 
