round0:0.3897,5.5315e-05
round1:24.2054,0.0014995
round2:112.846,0.00750725
round3:1.46959,8.63404e-05
round4:19.8526,0.00068382
round5:0.143992,4.78017e-05
round6:43.8005,0.00232019
round7:48.9363,0.00219856
round8:7.19494,0.000454207
round9:0.218462,6.38192e-05
round10:282.184,0.0148457
round11:26.4833,0.00191289
round12:7.94966,0.000723559
round13:0.193641,0.000102608
round14:1.13884,0.000115842
round15:8.68137,0.000548793
round16:21.2117,0.00165439
round17:0.114945,7.44912e-05
round18:73.8363,0.00508968
round19:2.01523,0.000261754
round20:13.6617,0.00119482
round21:0.997094,0.000163996
round22:7.91061e-05,3.91192e-06
round23:0.329886,0.000100798
round24:0.0220857,6.08422e-05
round25:24.3578,0.00220454
round26:34.7185,0.00259803
round27:2.35604,0.000275875
round28:104.46,0.0088743
round29:20.5153,0.00168115
round30:6.91383,0.000728023
round31:0.317102,0.000105923
round32:83.3025,0.00471149
round33:35.6287,0.00222768
round34:72.0889,0.0056016
round35:52.4177,0.00437203
round36:26.589,0.00126759
round37:78.9944,0.0064083
round38:180.813,0.0118279
round39:47.171,0.00362528
round40:1.69362e-05,1.42061e-06
round41:3.57374,0.000413936
round42:87.3832,0.00704479
round43:64.8733,0.00522098
round44:11.4285,0.000727598
round45:94.8354,0.00836434
round46:4.74692,0.000273611
round47:2.11473,0.000176353
round48:2.99101,0.000215624
round49:27.975,0.00252365
