{
  "KDG": 121116.43934249878,
  "PIECEWISE": 24158.30135345459,
  "rand20": 121116.43934249878
}