{
  "KDG": 3077643.7525749207,
  "PIECEWISE": 3077643.7525749207,
  "rand20": 653635.3410720825
}