layer:65.8 45.446146913 2.0 1.0 0.0 
particle:380.582154123 273.9 267.822115818 261.744231636 255.666347454 249.588463272 243.51057909 237.432694908 231.354810726 225.276926543 219.199042361 213.121158179 207.043273997 200.965389815 194.887505633 188.809621451 182.731737269 176.653853087 168.953853087 163.5 162.5 161.5 151.484615385 141.469230769 131.453846154 121.438461538 111.423076923 101.407692308 91.3923076923 81.3769230769 71.3615384615 61.3461538462 51.3307692308 41.3153846154 31.3 25.04 18.78 12.52 6.26 0.0 
err:0.00991437584497 
