{
  "KDG": 107365.94104766846,
  "PIECEWISE": 74524.50966835022,
  "rand20": 76861.439037323
}